#
# we want to reduce the base threshold based on the
# day of the year
#
# lines with numeric values correspond to 
# scaling factors for the day of the year
#
0.260
0.261
0.263
0.264
0.266
0.268
0.270
0.272
0.275
0.277
0.279
0.282
0.285
0.288
0.291
0.294
0.297
0.300
0.303
0.307
0.310
0.314
0.318
0.322
0.326
0.330
0.334
0.338
0.342
0.347
0.351
0.356
0.360
0.365
0.370
0.374
0.379
0.384
0.389
0.395
0.400
0.405
0.410
0.416
0.421
0.427
0.432
0.438
0.443
0.449
0.455
0.461
0.466
0.472
0.478
0.484
0.490
0.496
0.502
0.508
0.514
0.520
0.526
0.533
0.539
0.545
0.551
0.557
0.564
0.570
0.576
0.583
0.589
0.595
0.601
0.608
0.614
0.620
0.627
0.633
0.639
0.646
0.652
0.658
0.664
0.671
0.677
0.683
0.689
0.695
0.702
0.708
0.714
0.720
0.726
0.732
0.738
0.744
0.750
0.756
0.762
0.768
0.773
0.779
0.785
0.790
0.796
0.802
0.807
0.813
0.818
0.823
0.829
0.834
0.839
0.844
0.849
0.854
0.859
0.864
0.869
0.874
0.879
0.883
0.888
0.892
0.897
0.901
0.905
0.909
0.913
0.917
0.921
0.925
0.929
0.933
0.936
0.940
0.943
0.947
0.950
0.953
0.956
0.959
0.962
0.965
0.967
0.970
0.972
0.975
0.977
0.979
0.981
0.983
0.985
0.987
0.988
0.990
0.991
0.993
0.994
0.995
0.996
0.997
0.998
0.998
0.999
0.999
1.000
1.000
1.000
1.000
1.000
1.000
0.999
0.999
0.998
0.998
0.997
0.996
0.995
0.994
0.993
0.992
0.990
0.989
0.987
0.985
0.984
0.982
0.980
0.978
0.975
0.973
0.971
0.968
0.966
0.963
0.960
0.957
0.954
0.951
0.948
0.945
0.941
0.938
0.934
0.931
0.927
0.923
0.919
0.915
0.911
0.907
0.903
0.899
0.895
0.890
0.886
0.881
0.877
0.872
0.867
0.862
0.858
0.853
0.848
0.843
0.837
0.832
0.827
0.822
0.817
0.811
0.806
0.800
0.795
0.789
0.784
0.778
0.772
0.767
0.761
0.755
0.749
0.743
0.738
0.732
0.726
0.720
0.714
0.708
0.702
0.696
0.690
0.683
0.677
0.671
0.665
0.659
0.653
0.647
0.640
0.634
0.628
0.622
0.615
0.609
0.603
0.597
0.591
0.584
0.578
0.572
0.566
0.560
0.554
0.547
0.541
0.535
0.529
0.523
0.517
0.511
0.505
0.499
0.493
0.487
0.481
0.476
0.470
0.464
0.458
0.453
0.447
0.441
0.436
0.430
0.425
0.419
0.414
0.409
0.404
0.398
0.393
0.388
0.383
0.378
0.374
0.369
0.364
0.359
0.355
0.350
0.346
0.342
0.337
0.333
0.329
0.325
0.321
0.317
0.314
0.310
0.307
0.303
0.300
0.297
0.294
0.291
0.288
0.285
0.282
0.279
0.277
0.275
0.272
0.270
0.268
0.266
0.264
0.263
0.261
0.260
0.259
0.257
0.256
0.255
0.254
0.254
0.253
0.253
0.252
0.252
0.252
0.252
0.252
0.253
0.253
0.254
0.254
0.255
0.256
0.257
0.258
0.258
